hs1 0 1999999 0
hs1 2000000 3999999 0.05
hs1 4000000 5999999 0.1
hs1 6000000 7999999 0.15
hs1 8000000 9999999 0.2
hs1 10000000 11999999 0.25
hs1 12000000 13999999 0.3
hs1 14000000 15999999 0.35
hs1 16000000 17999999 0.4
hs1 18000000 19999999 0.45
hs1 20000000 21999999 0.5
hs1 22000000 23999999 0.55
hs1 24000000 25999999 0.6
hs1 26000000 27999999 0.65
hs1 28000000 29999999 0.7
hs1 30000000 31999999 0.75
hs1 32000000 33999999 0.8
hs1 34000000 35999999 0.85
hs1 36000000 37999999 0.9
hs1 38000000 39999999 0.95
hs1 40000000 41999999 1
hs1 42000000 43999999 1.05
hs1 44000000 45999999 1.1
hs1 46000000 47999999 1.15
hs1 48000000 49999999 1.2
hs1 50000000 51999999 1.25
hs1 52000000 53999999 1.3
hs1 54000000 55999999 1.35
hs1 56000000 57999999 1.4
hs1 58000000 59999999 1.45
hs1 60000000 61999999 1.5
hs1 62000000 63999999 1.55
hs1 64000000 65999999 1.6
hs1 66000000 67999999 1.65
hs1 68000000 69999999 1.7
hs1 70000000 71999999 1.75
hs1 72000000 73999999 1.8
hs1 74000000 75999999 1.85
hs1 76000000 77999999 1.9
hs1 78000000 79999999 1.95
hs1 80000000 81999999 2
hs1 82000000 83999999 2.05
hs1 84000000 85999999 2.1
hs1 86000000 87999999 2.15
hs1 88000000 89999999 2.2
hs1 90000000 91999999 2.25
hs1 92000000 93999999 2.3
hs1 94000000 95999999 2.35
hs1 96000000 97999999 2.4
hs1 98000000 99999999 2.45
hs1 100000000 101999999 2.5
hs1 102000000 103999999 2.55
hs1 104000000 105999999 2.6
hs1 106000000 107999999 2.65
hs1 108000000 109999999 2.7
hs1 110000000 111999999 2.75
hs1 112000000 113999999 2.8
hs1 114000000 115999999 2.85
hs1 116000000 117999999 2.9
hs1 118000000 119999999 2.95
hs1 120000000 121999999 3
hs1 122000000 123999999 3.05
hs1 124000000 125999999 3.1
hs1 126000000 127999999 3.15
hs1 128000000 129999999 3.2
hs1 130000000 131999999 3.25
hs1 132000000 133999999 3.3
hs1 134000000 135999999 3.35
hs1 136000000 137999999 3.4
hs1 138000000 139999999 3.45
hs1 140000000 141999999 3.5
hs1 142000000 143999999 3.55
hs1 144000000 145999999 3.6
hs1 146000000 147999999 3.65
hs1 148000000 149999999 3.7
hs1 150000000 151999999 3.75
hs1 152000000 153999999 3.8
hs1 154000000 155999999 3.85
hs1 156000000 157999999 3.9
hs1 158000000 159999999 3.95
hs1 160000000 161999999 4
hs1 162000000 163999999 4.05
hs1 164000000 165999999 4.1
hs1 166000000 167999999 4.15
hs1 168000000 169999999 4.2
hs1 170000000 171999999 4.25
hs1 172000000 173999999 4.3
hs1 174000000 175999999 4.35
hs1 176000000 177999999 4.4
hs1 178000000 179999999 4.45
hs1 180000000 181999999 4.5
hs1 182000000 183999999 4.55
hs1 184000000 185999999 4.6
hs1 186000000 187999999 4.65
hs1 188000000 189999999 4.7
hs1 190000000 191999999 4.75
hs1 192000000 193999999 4.8
hs1 194000000 195999999 4.85
hs1 196000000 197999999 4.9
hs1 198000000 199999999 4.95
hs1 200000000 201999999 5
hs1 202000000 203999999 5.05
hs1 204000000 205999999 5.1
hs1 206000000 207999999 5.15
hs1 208000000 209999999 5.2
hs1 210000000 211999999 5.25
hs1 212000000 213999999 5.3
hs1 214000000 215999999 5.35
hs1 216000000 217999999 5.4
hs1 218000000 219999999 5.45
hs1 220000000 221999999 5.5
hs1 222000000 223999999 5.55
hs1 224000000 225999999 5.6
hs1 226000000 227999999 5.65
hs1 228000000 229999999 5.7
hs1 230000000 231999999 5.75
hs1 232000000 233999999 5.8
hs1 234000000 235999999 5.85
hs1 236000000 237999999 5.9
hs1 238000000 239999999 5.95
hs1 240000000 241999999 6
hs1 242000000 243999999 6.05
hs1 244000000 245999999 6.1
hs1 246000000 247999999 6.15
hs1 248000000 249250622 6.2
hs2 0 1999999 6.25
hs2 2000000 3999999 6.3
hs2 4000000 5999999 6.35
hs2 6000000 7999999 6.4
hs2 8000000 9999999 6.45
hs2 10000000 11999999 6.5
hs2 12000000 13999999 6.55
hs2 14000000 15999999 6.6
hs2 16000000 17999999 6.65
hs2 18000000 19999999 6.7
hs2 20000000 21999999 6.75
hs2 22000000 23999999 6.8
hs2 24000000 25999999 6.85
hs2 26000000 27999999 6.9
hs2 28000000 29999999 6.95
hs2 30000000 31999999 7
hs2 32000000 33999999 7.05
hs2 34000000 35999999 7.1
hs2 36000000 37999999 7.15
hs2 38000000 39999999 7.2
hs2 40000000 41999999 7.25
hs2 42000000 43999999 7.3
hs2 44000000 45999999 7.35
hs2 46000000 47999999 7.4
hs2 48000000 49999999 7.45
hs2 50000000 51999999 7.5
hs2 52000000 53999999 7.55
hs2 54000000 55999999 7.6
hs2 56000000 57999999 7.65
hs2 58000000 59999999 7.7
hs2 60000000 61999999 7.75
hs2 62000000 63999999 7.8
hs2 64000000 65999999 7.85
hs2 66000000 67999999 7.9
hs2 68000000 69999999 7.95
hs2 70000000 71999999 8
hs2 72000000 73999999 8.05
hs2 74000000 75999999 8.1
hs2 76000000 77999999 8.15
hs2 78000000 79999999 8.2
hs2 80000000 81999999 8.25
hs2 82000000 83999999 8.3
hs2 84000000 85999999 8.35
hs2 86000000 87999999 8.4
hs2 88000000 89999999 8.45
hs2 90000000 91999999 8.5
hs2 92000000 93999999 8.55
hs2 94000000 95999999 8.6
hs2 96000000 97999999 8.65
hs2 98000000 99999999 8.7
hs2 100000000 101999999 8.75
hs2 102000000 103999999 8.8
hs2 104000000 105999999 8.85
hs2 106000000 107999999 8.9
hs2 108000000 109999999 8.95
hs2 110000000 111999999 9
hs2 112000000 113999999 9.05
hs2 114000000 115999999 9.1
hs2 116000000 117999999 9.15
hs2 118000000 119999999 9.2
hs2 120000000 121999999 9.25
hs2 122000000 123999999 9.3
hs2 124000000 125999999 9.35
hs2 126000000 127999999 9.4
hs2 128000000 129999999 9.45
hs2 130000000 131999999 9.5
hs2 132000000 133999999 9.55
hs2 134000000 135999999 9.6
hs2 136000000 137999999 9.65
hs2 138000000 139999999 9.7
hs2 140000000 141999999 9.75
hs2 142000000 143999999 9.8
hs2 144000000 145999999 9.85
hs2 146000000 147999999 9.9
hs2 148000000 149999999 9.95
hs2 150000000 151999999 0
hs2 152000000 153999999 0.05
hs2 154000000 155999999 0.1
hs2 156000000 157999999 0.15
hs2 158000000 159999999 0.2
hs2 160000000 161999999 0.25
hs2 162000000 163999999 0.3
hs2 164000000 165999999 0.35
hs2 166000000 167999999 0.4
hs2 168000000 169999999 0.45
hs2 170000000 171999999 0.5
hs2 172000000 173999999 0.55
hs2 174000000 175999999 0.6
hs2 176000000 177999999 0.65
hs2 178000000 179999999 0.7
hs2 180000000 181999999 0.75
hs2 182000000 183999999 0.8
hs2 184000000 185999999 0.85
hs2 186000000 187999999 0.9
hs2 188000000 189999999 0.95
hs2 190000000 191999999 1
hs2 192000000 193999999 1.05
hs2 194000000 195999999 1.1
hs2 196000000 197999999 1.15
hs2 198000000 199999999 1.2
hs2 200000000 201999999 1.25
hs2 202000000 203999999 1.3
hs2 204000000 205999999 1.35
hs2 206000000 207999999 1.4
hs2 208000000 209999999 1.45
hs2 210000000 211999999 1.5
hs2 212000000 213999999 1.55
hs2 214000000 215999999 1.6
hs2 216000000 217999999 1.65
hs2 218000000 219999999 1.7
hs2 220000000 221999999 1.75
hs2 222000000 223999999 1.8
hs2 224000000 225999999 1.85
hs2 226000000 227999999 1.9
hs2 228000000 229999999 1.95
hs2 230000000 231999999 2
hs2 232000000 233999999 2.05
hs2 234000000 235999999 2.1
hs2 236000000 237999999 2.15
hs2 238000000 239999999 2.2
hs2 240000000 241999999 2.25
hs2 242000000 243199374 2.3
hs3 0 1999999 2.35
hs3 2000000 3999999 2.4
hs3 4000000 5999999 2.45
hs3 6000000 7999999 2.5
hs3 8000000 9999999 2.55
hs3 10000000 11999999 2.6
hs3 12000000 13999999 2.65
hs3 14000000 15999999 2.7
hs3 16000000 17999999 2.75
hs3 18000000 19999999 2.8
hs3 20000000 21999999 2.85
hs3 22000000 23999999 2.9
hs3 24000000 25999999 2.95
hs3 26000000 27999999 3
hs3 28000000 29999999 3.05
hs3 30000000 31999999 3.1
hs3 32000000 33999999 3.15
hs3 34000000 35999999 3.2
hs3 36000000 37999999 3.25
hs3 38000000 39999999 3.3
hs3 40000000 41999999 3.35
hs3 42000000 43999999 3.4
hs3 44000000 45999999 3.45
hs3 46000000 47999999 3.5
hs3 48000000 49999999 3.55
hs3 50000000 51999999 3.6
hs3 52000000 53999999 3.65
hs3 54000000 55999999 3.7
hs3 56000000 57999999 3.75
hs3 58000000 59999999 3.8
hs3 60000000 61999999 3.85
hs3 62000000 63999999 3.9
hs3 64000000 65999999 3.95
hs3 66000000 67999999 4
hs3 68000000 69999999 4.05
hs3 70000000 71999999 4.1
hs3 72000000 73999999 4.15
hs3 74000000 75999999 4.2
hs3 76000000 77999999 4.25
hs3 78000000 79999999 4.3
hs3 80000000 81999999 4.35
hs3 82000000 83999999 4.4
hs3 84000000 85999999 4.45
hs3 86000000 87999999 4.5
hs3 88000000 89999999 4.55
hs3 90000000 91999999 4.6
hs3 92000000 93999999 4.65
hs3 94000000 95999999 4.7
hs3 96000000 97999999 4.75
hs3 98000000 99999999 4.8
hs3 100000000 101999999 4.85
hs3 102000000 103999999 4.9
hs3 104000000 105999999 4.95
hs3 106000000 107999999 5
hs3 108000000 109999999 5.05
hs3 110000000 111999999 5.1
hs3 112000000 113999999 5.15
hs3 114000000 115999999 5.2
hs3 116000000 117999999 5.25
hs3 118000000 119999999 5.3
hs3 120000000 121999999 5.35
hs3 122000000 123999999 5.4
hs3 124000000 125999999 5.45
hs3 126000000 127999999 5.5
hs3 128000000 129999999 5.55
hs3 130000000 131999999 5.6
hs3 132000000 133999999 5.65
hs3 134000000 135999999 5.7
hs3 136000000 137999999 5.75
hs3 138000000 139999999 5.8
hs3 140000000 141999999 5.85
hs3 142000000 143999999 5.9
hs3 144000000 145999999 5.95
hs3 146000000 147999999 6
hs3 148000000 149999999 6.05
hs3 150000000 151999999 6.1
hs3 152000000 153999999 6.15
hs3 154000000 155999999 6.2
hs3 156000000 157999999 6.25
hs3 158000000 159999999 6.3
hs3 160000000 161999999 6.35
hs3 162000000 163999999 6.4
hs3 164000000 165999999 6.45
hs3 166000000 167999999 6.5
hs3 168000000 169999999 6.55
hs3 170000000 171999999 6.6
hs3 172000000 173999999 6.65
hs3 174000000 175999999 6.7
hs3 176000000 177999999 6.75
hs3 178000000 179999999 6.8
hs3 180000000 181999999 6.85
hs3 182000000 183999999 6.9
hs3 184000000 185999999 6.95
hs3 186000000 187999999 7
hs3 188000000 189999999 7.05
hs3 190000000 191999999 7.1
hs3 192000000 193999999 7.15
hs3 194000000 195999999 7.2
hs3 196000000 197999999 7.25
hs3 198000000 198022431 7.3
hs4 0 1999999 7.35
hs4 2000000 3999999 7.4
hs4 4000000 5999999 7.45
hs4 6000000 7999999 7.5
hs4 8000000 9999999 7.55
hs4 10000000 11999999 7.6
hs4 12000000 13999999 7.65
hs4 14000000 15999999 7.7
hs4 16000000 17999999 7.75
hs4 18000000 19999999 7.8
hs4 20000000 21999999 7.85
hs4 22000000 23999999 7.9
hs4 24000000 25999999 7.95
hs4 26000000 27999999 8
hs4 28000000 29999999 8.05
hs4 30000000 31999999 8.1
hs4 32000000 33999999 8.15
hs4 34000000 35999999 8.2
hs4 36000000 37999999 8.25
hs4 38000000 39999999 8.3
hs4 40000000 41999999 8.35
hs4 42000000 43999999 8.4
hs4 44000000 45999999 8.45
hs4 46000000 47999999 8.5
hs4 48000000 49999999 8.55
hs4 50000000 51999999 8.6
hs4 52000000 53999999 8.65
hs4 54000000 55999999 8.7
hs4 56000000 57999999 8.75
hs4 58000000 59999999 8.8
hs4 60000000 61999999 8.85
hs4 62000000 63999999 8.9
hs4 64000000 65999999 8.95
hs4 66000000 67999999 9
hs4 68000000 69999999 9.05
hs4 70000000 71999999 9.1
hs4 72000000 73999999 9.15
hs4 74000000 75999999 9.2
hs4 76000000 77999999 9.25
hs4 78000000 79999999 9.3
hs4 80000000 81999999 9.35
hs4 82000000 83999999 9.4
hs4 84000000 85999999 9.45
hs4 86000000 87999999 9.5
hs4 88000000 89999999 9.55
hs4 90000000 91999999 9.6
hs4 92000000 93999999 9.65
hs4 94000000 95999999 9.7
hs4 96000000 97999999 9.75
hs4 98000000 99999999 9.8
hs4 100000000 101999999 9.85
hs4 102000000 103999999 9.9
hs4 104000000 105999999 9.95
hs4 106000000 107999999 0
hs4 108000000 109999999 0.05
hs4 110000000 111999999 0.1
hs4 112000000 113999999 0.15
hs4 114000000 115999999 0.2
hs4 116000000 117999999 0.25
hs4 118000000 119999999 0.3
hs4 120000000 121999999 0.35
hs4 122000000 123999999 0.4
hs4 124000000 125999999 0.45
hs4 126000000 127999999 0.5
hs4 128000000 129999999 0.55
hs4 130000000 131999999 0.6
hs4 132000000 133999999 0.65
hs4 134000000 135999999 0.7
hs4 136000000 137999999 0.75
hs4 138000000 139999999 0.8
hs4 140000000 141999999 0.85
hs4 142000000 143999999 0.9
hs4 144000000 145999999 0.95
hs4 146000000 147999999 1
hs4 148000000 149999999 1.05
hs4 150000000 151999999 1.1
hs4 152000000 153999999 1.15
hs4 154000000 155999999 1.2
hs4 156000000 157999999 1.25
hs4 158000000 159999999 1.3
hs4 160000000 161999999 1.35
hs4 162000000 163999999 1.4
hs4 164000000 165999999 1.45
hs4 166000000 167999999 1.5
hs4 168000000 169999999 1.55
hs4 170000000 171999999 1.6
hs4 172000000 173999999 1.65
hs4 174000000 175999999 1.7
hs4 176000000 177999999 1.75
hs4 178000000 179999999 1.8
hs4 180000000 181999999 1.85
hs4 182000000 183999999 1.9
hs4 184000000 185999999 1.95
hs4 186000000 187999999 2
hs4 188000000 189999999 2.05
hs4 190000000 191154277 2.1
hs5 0 1999999 2.15
hs5 2000000 3999999 2.2
hs5 4000000 5999999 2.25
hs5 6000000 7999999 2.3
hs5 8000000 9999999 2.35
hs5 10000000 11999999 2.4
hs5 12000000 13999999 2.45
hs5 14000000 15999999 2.5
hs5 16000000 17999999 2.55
hs5 18000000 19999999 2.6
hs5 20000000 21999999 2.65
hs5 22000000 23999999 2.7
hs5 24000000 25999999 2.75
hs5 26000000 27999999 2.8
hs5 28000000 29999999 2.85
hs5 30000000 31999999 2.9
hs5 32000000 33999999 2.95
hs5 34000000 35999999 3
hs5 36000000 37999999 3.05
hs5 38000000 39999999 3.1
hs5 40000000 41999999 3.15
hs5 42000000 43999999 3.2
hs5 44000000 45999999 3.25
hs5 46000000 47999999 3.3
hs5 48000000 49999999 3.35
hs5 50000000 51999999 3.4
hs5 52000000 53999999 3.45
hs5 54000000 55999999 3.5
hs5 56000000 57999999 3.55
hs5 58000000 59999999 3.6
hs5 60000000 61999999 3.65
hs5 62000000 63999999 3.7
hs5 64000000 65999999 3.75
hs5 66000000 67999999 3.8
hs5 68000000 69999999 3.85
hs5 70000000 71999999 3.9
hs5 72000000 73999999 3.95
hs5 74000000 75999999 4
hs5 76000000 77999999 4.05
hs5 78000000 79999999 4.1
hs5 80000000 81999999 4.15
hs5 82000000 83999999 4.2
hs5 84000000 85999999 4.25
hs5 86000000 87999999 4.3
hs5 88000000 89999999 4.35
hs5 90000000 91999999 4.4
hs5 92000000 93999999 4.45
hs5 94000000 95999999 4.5
hs5 96000000 97999999 4.55
hs5 98000000 99999999 4.6
hs5 100000000 101999999 4.65
hs5 102000000 103999999 4.7
hs5 104000000 105999999 4.75
hs5 106000000 107999999 4.8
hs5 108000000 109999999 4.85
hs5 110000000 111999999 4.9
hs5 112000000 113999999 4.95
hs5 114000000 115999999 5
hs5 116000000 117999999 5.05
hs5 118000000 119999999 5.1
hs5 120000000 121999999 5.15
hs5 122000000 123999999 5.2
hs5 124000000 125999999 5.25
hs5 126000000 127999999 5.3
hs5 128000000 129999999 5.35
hs5 130000000 131999999 5.4
hs5 132000000 133999999 5.45
hs5 134000000 135999999 5.5
hs5 136000000 137999999 5.55
hs5 138000000 139999999 5.6
hs5 140000000 141999999 5.65
hs5 142000000 143999999 5.7
hs5 144000000 145999999 5.75
hs5 146000000 147999999 5.8
hs5 148000000 149999999 5.85
hs5 150000000 151999999 5.9
hs5 152000000 153999999 5.95
hs5 154000000 155999999 6
hs5 156000000 157999999 6.05
hs5 158000000 159999999 6.1
hs5 160000000 161999999 6.15
hs5 162000000 163999999 6.2
hs5 164000000 165999999 6.25
hs5 166000000 167999999 6.3
hs5 168000000 169999999 6.35
hs5 170000000 171999999 6.4
hs5 172000000 173999999 6.45
hs5 174000000 175999999 6.5
hs5 176000000 177999999 6.55
hs5 178000000 179999999 6.6
hs5 180000000 180915261 6.65
hs6 0 1999999 6.7
hs6 2000000 3999999 6.75
hs6 4000000 5999999 6.8
hs6 6000000 7999999 6.85
hs6 8000000 9999999 6.9
hs6 10000000 11999999 6.95
hs6 12000000 13999999 7
hs6 14000000 15999999 7.05
hs6 16000000 17999999 7.1
hs6 18000000 19999999 7.15
hs6 20000000 21999999 7.2
hs6 22000000 23999999 7.25
hs6 24000000 25999999 7.3
hs6 26000000 27999999 7.35
hs6 28000000 29999999 7.4
hs6 30000000 31999999 7.45
hs6 32000000 33999999 7.5
hs6 34000000 35999999 7.55
hs6 36000000 37999999 7.6
hs6 38000000 39999999 7.65
hs6 40000000 41999999 7.7
hs6 42000000 43999999 7.75
hs6 44000000 45999999 7.8
hs6 46000000 47999999 7.85
hs6 48000000 49999999 7.9
hs6 50000000 51999999 7.95
hs6 52000000 53999999 8
hs6 54000000 55999999 8.05
hs6 56000000 57999999 8.1
hs6 58000000 59999999 8.15
hs6 60000000 61999999 8.2
hs6 62000000 63999999 8.25
hs6 64000000 65999999 8.3
hs6 66000000 67999999 8.35
hs6 68000000 69999999 8.4
hs6 70000000 71999999 8.45
hs6 72000000 73999999 8.5
hs6 74000000 75999999 8.55
hs6 76000000 77999999 8.6
hs6 78000000 79999999 8.65
hs6 80000000 81999999 8.7
hs6 82000000 83999999 8.75
hs6 84000000 85999999 8.8
hs6 86000000 87999999 8.85
hs6 88000000 89999999 8.9
hs6 90000000 91999999 8.95
hs6 92000000 93999999 9
hs6 94000000 95999999 9.05
hs6 96000000 97999999 9.1
hs6 98000000 99999999 9.15
hs6 100000000 101999999 9.2
hs6 102000000 103999999 9.25
hs6 104000000 105999999 9.3
hs6 106000000 107999999 9.35
hs6 108000000 109999999 9.4
hs6 110000000 111999999 9.45
hs6 112000000 113999999 9.5
hs6 114000000 115999999 9.55
hs6 116000000 117999999 9.6
hs6 118000000 119999999 9.65
hs6 120000000 121999999 9.7
hs6 122000000 123999999 9.75
hs6 124000000 125999999 9.8
hs6 126000000 127999999 9.85
hs6 128000000 129999999 9.9
hs6 130000000 131999999 9.95
hs6 132000000 133999999 0
hs6 134000000 135999999 0.05
hs6 136000000 137999999 0.1
hs6 138000000 139999999 0.15
hs6 140000000 141999999 0.2
hs6 142000000 143999999 0.25
hs6 144000000 145999999 0.3
hs6 146000000 147999999 0.35
hs6 148000000 149999999 0.4
hs6 150000000 151999999 0.45
hs6 152000000 153999999 0.5
hs6 154000000 155999999 0.55
hs6 156000000 157999999 0.6
hs6 158000000 159999999 0.65
hs6 160000000 161999999 0.7
hs6 162000000 163999999 0.75
hs6 164000000 165999999 0.8
hs6 166000000 167999999 0.85
hs6 168000000 169999999 0.9
hs6 170000000 171115068 0.95
hs7 0 1999999 1
hs7 2000000 3999999 1.05
hs7 4000000 5999999 1.1
hs7 6000000 7999999 1.15
hs7 8000000 9999999 1.2
hs7 10000000 11999999 1.25
hs7 12000000 13999999 1.3
hs7 14000000 15999999 1.35
hs7 16000000 17999999 1.4
hs7 18000000 19999999 1.45
hs7 20000000 21999999 1.5
hs7 22000000 23999999 1.55
hs7 24000000 25999999 1.6
hs7 26000000 27999999 1.65
hs7 28000000 29999999 1.7
hs7 30000000 31999999 1.75
hs7 32000000 33999999 1.8
hs7 34000000 35999999 1.85
hs7 36000000 37999999 1.9
hs7 38000000 39999999 1.95
hs7 40000000 41999999 2
hs7 42000000 43999999 2.05
hs7 44000000 45999999 2.1
hs7 46000000 47999999 2.15
hs7 48000000 49999999 2.2
hs7 50000000 51999999 2.25
hs7 52000000 53999999 2.3
hs7 54000000 55999999 2.35
hs7 56000000 57999999 2.4
hs7 58000000 59999999 2.45
hs7 60000000 61999999 2.5
hs7 62000000 63999999 2.55
hs7 64000000 65999999 2.6
hs7 66000000 67999999 2.65
hs7 68000000 69999999 2.7
hs7 70000000 71999999 2.75
hs7 72000000 73999999 2.8
hs7 74000000 75999999 2.85
hs7 76000000 77999999 2.9
hs7 78000000 79999999 2.95
hs7 80000000 81999999 3
hs7 82000000 83999999 3.05
hs7 84000000 85999999 3.1
hs7 86000000 87999999 3.15
hs7 88000000 89999999 3.2
hs7 90000000 91999999 3.25
hs7 92000000 93999999 3.3
hs7 94000000 95999999 3.35
hs7 96000000 97999999 3.4
hs7 98000000 99999999 3.45
hs7 100000000 101999999 3.5
hs7 102000000 103999999 3.55
hs7 104000000 105999999 3.6
hs7 106000000 107999999 3.65
hs7 108000000 109999999 3.7
hs7 110000000 111999999 3.75
hs7 112000000 113999999 3.8
hs7 114000000 115999999 3.85
hs7 116000000 117999999 3.9
hs7 118000000 119999999 3.95
hs7 120000000 121999999 4
hs7 122000000 123999999 4.05
hs7 124000000 125999999 4.1
hs7 126000000 127999999 4.15
hs7 128000000 129999999 4.2
hs7 130000000 131999999 4.25
hs7 132000000 133999999 4.3
hs7 134000000 135999999 4.35
hs7 136000000 137999999 4.4
hs7 138000000 139999999 4.45
hs7 140000000 141999999 4.5
hs7 142000000 143999999 4.55
hs7 144000000 145999999 4.6
hs7 146000000 147999999 4.65
hs7 148000000 149999999 4.7
hs7 150000000 151999999 4.75
hs7 152000000 153999999 4.8
hs7 154000000 155999999 4.85
hs7 156000000 157999999 4.9
hs7 158000000 159138664 4.95
hs8 0 1999999 5
hs8 2000000 3999999 5.05
hs8 4000000 5999999 5.1
hs8 6000000 7999999 5.15
hs8 8000000 9999999 5.2
hs8 10000000 11999999 5.25
hs8 12000000 13999999 5.3
hs8 14000000 15999999 5.35
hs8 16000000 17999999 5.4
hs8 18000000 19999999 5.45
hs8 20000000 21999999 5.5
hs8 22000000 23999999 5.55
hs8 24000000 25999999 5.6
hs8 26000000 27999999 5.65
hs8 28000000 29999999 5.7
hs8 30000000 31999999 5.75
hs8 32000000 33999999 5.8
hs8 34000000 35999999 5.85
hs8 36000000 37999999 5.9
hs8 38000000 39999999 5.95
hs8 40000000 41999999 6
hs8 42000000 43999999 6.05
hs8 44000000 45999999 6.1
hs8 46000000 47999999 6.15
hs8 48000000 49999999 6.2
hs8 50000000 51999999 6.25
hs8 52000000 53999999 6.3
hs8 54000000 55999999 6.35
hs8 56000000 57999999 6.4
hs8 58000000 59999999 6.45
hs8 60000000 61999999 6.5
hs8 62000000 63999999 6.55
hs8 64000000 65999999 6.6
hs8 66000000 67999999 6.65
hs8 68000000 69999999 6.7
hs8 70000000 71999999 6.75
hs8 72000000 73999999 6.8
hs8 74000000 75999999 6.85
hs8 76000000 77999999 6.9
hs8 78000000 79999999 6.95
hs8 80000000 81999999 7
hs8 82000000 83999999 7.05
hs8 84000000 85999999 7.1
hs8 86000000 87999999 7.15
hs8 88000000 89999999 7.2
hs8 90000000 91999999 7.25
hs8 92000000 93999999 7.3
hs8 94000000 95999999 7.35
hs8 96000000 97999999 7.4
hs8 98000000 99999999 7.45
hs8 100000000 101999999 7.5
hs8 102000000 103999999 7.55
hs8 104000000 105999999 7.6
hs8 106000000 107999999 7.65
hs8 108000000 109999999 7.7
hs8 110000000 111999999 7.75
hs8 112000000 113999999 7.8
hs8 114000000 115999999 7.85
hs8 116000000 117999999 7.9
hs8 118000000 119999999 7.95
hs8 120000000 121999999 8
hs8 122000000 123999999 8.05
hs8 124000000 125999999 8.1
hs8 126000000 127999999 8.15
hs8 128000000 129999999 8.2
hs8 130000000 131999999 8.25
hs8 132000000 133999999 8.3
hs8 134000000 135999999 8.35
hs8 136000000 137999999 8.4
hs8 138000000 139999999 8.45
hs8 140000000 141999999 8.5
hs8 142000000 143999999 8.55
hs8 144000000 145999999 8.6
hs8 146000000 146364023 8.65
hs9 0 1999999 8.7
hs9 2000000 3999999 8.75
hs9 4000000 5999999 8.8
hs9 6000000 7999999 8.85
hs9 8000000 9999999 8.9
hs9 10000000 11999999 8.95
hs9 12000000 13999999 9
hs9 14000000 15999999 9.05
hs9 16000000 17999999 9.1
hs9 18000000 19999999 9.15
hs9 20000000 21999999 9.2
hs9 22000000 23999999 9.25
hs9 24000000 25999999 9.3
hs9 26000000 27999999 9.35
hs9 28000000 29999999 9.4
hs9 30000000 31999999 9.45
hs9 32000000 33999999 9.5
hs9 34000000 35999999 9.55
hs9 36000000 37999999 9.6
hs9 38000000 39999999 9.65
hs9 40000000 41999999 9.7
hs9 42000000 43999999 9.75
hs9 44000000 45999999 9.8
hs9 46000000 47999999 9.85
hs9 48000000 49999999 9.9
hs9 50000000 51999999 9.95
hs9 52000000 53999999 0
hs9 54000000 55999999 0.05
hs9 56000000 57999999 0.1
hs9 58000000 59999999 0.15
hs9 60000000 61999999 0.2
hs9 62000000 63999999 0.25
hs9 64000000 65999999 0.3
hs9 66000000 67999999 0.35
hs9 68000000 69999999 0.4
hs9 70000000 71999999 0.45
hs9 72000000 73999999 0.5
hs9 74000000 75999999 0.55
hs9 76000000 77999999 0.6
hs9 78000000 79999999 0.65
hs9 80000000 81999999 0.7
hs9 82000000 83999999 0.75
hs9 84000000 85999999 0.8
hs9 86000000 87999999 0.85
hs9 88000000 89999999 0.9
hs9 90000000 91999999 0.95
hs9 92000000 93999999 1
hs9 94000000 95999999 1.05
hs9 96000000 97999999 1.1
hs9 98000000 99999999 1.15
hs9 100000000 101999999 1.2
hs9 102000000 103999999 1.25
hs9 104000000 105999999 1.3
hs9 106000000 107999999 1.35
hs9 108000000 109999999 1.4
hs9 110000000 111999999 1.45
hs9 112000000 113999999 1.5
hs9 114000000 115999999 1.55
hs9 116000000 117999999 1.6
hs9 118000000 119999999 1.65
hs9 120000000 121999999 1.7
hs9 122000000 123999999 1.75
hs9 124000000 125999999 1.8
hs9 126000000 127999999 1.85
hs9 128000000 129999999 1.9
hs9 130000000 131999999 1.95
hs9 132000000 133999999 2
hs9 134000000 135999999 2.05
hs9 136000000 137999999 2.1
hs9 138000000 139999999 2.15
hs9 140000000 141213432 2.2
hs10 0 1999999 2.25
hs10 2000000 3999999 2.3
hs10 4000000 5999999 2.35
hs10 6000000 7999999 2.4
hs10 8000000 9999999 2.45
hs10 10000000 11999999 2.5
hs10 12000000 13999999 2.55
hs10 14000000 15999999 2.6
hs10 16000000 17999999 2.65
hs10 18000000 19999999 2.7
hs10 20000000 21999999 2.75
hs10 22000000 23999999 2.8
hs10 24000000 25999999 2.85
hs10 26000000 27999999 2.9
hs10 28000000 29999999 2.95
hs10 30000000 31999999 3
hs10 32000000 33999999 3.05
hs10 34000000 35999999 3.1
hs10 36000000 37999999 3.15
hs10 38000000 39999999 3.2
hs10 40000000 41999999 3.25
hs10 42000000 43999999 3.3
hs10 44000000 45999999 3.35
hs10 46000000 47999999 3.4
hs10 48000000 49999999 3.45
hs10 50000000 51999999 3.5
hs10 52000000 53999999 3.55
hs10 54000000 55999999 3.6
hs10 56000000 57999999 3.65
hs10 58000000 59999999 3.7
hs10 60000000 61999999 3.75
hs10 62000000 63999999 3.8
hs10 64000000 65999999 3.85
hs10 66000000 67999999 3.9
hs10 68000000 69999999 3.95
hs10 70000000 71999999 4
hs10 72000000 73999999 4.05
hs10 74000000 75999999 4.1
hs10 76000000 77999999 4.15
hs10 78000000 79999999 4.2
hs10 80000000 81999999 4.25
hs10 82000000 83999999 4.3
hs10 84000000 85999999 4.35
hs10 86000000 87999999 4.4
hs10 88000000 89999999 4.45
hs10 90000000 91999999 4.5
hs10 92000000 93999999 4.55
hs10 94000000 95999999 4.6
hs10 96000000 97999999 4.65
hs10 98000000 99999999 4.7
hs10 100000000 101999999 4.75
hs10 102000000 103999999 4.8
hs10 104000000 105999999 4.85
hs10 106000000 107999999 4.9
hs10 108000000 109999999 4.95
hs10 110000000 111999999 5
hs10 112000000 113999999 5.05
hs10 114000000 115999999 5.1
hs10 116000000 117999999 5.15
hs10 118000000 119999999 5.2
hs10 120000000 121999999 5.25
hs10 122000000 123999999 5.3
hs10 124000000 125999999 5.35
hs10 126000000 127999999 5.4
hs10 128000000 129999999 5.45
hs10 130000000 131999999 5.5
hs10 132000000 133999999 5.55
hs10 134000000 135534748 5.6
hs11 0 1999999 5.65
hs11 2000000 3999999 5.7
hs11 4000000 5999999 5.75
hs11 6000000 7999999 5.8
hs11 8000000 9999999 5.85
hs11 10000000 11999999 5.9
hs11 12000000 13999999 5.95
hs11 14000000 15999999 6
hs11 16000000 17999999 6.05
hs11 18000000 19999999 6.1
hs11 20000000 21999999 6.15
hs11 22000000 23999999 6.2
hs11 24000000 25999999 6.25
hs11 26000000 27999999 6.3
hs11 28000000 29999999 6.35
hs11 30000000 31999999 6.4
hs11 32000000 33999999 6.45
hs11 34000000 35999999 6.5
hs11 36000000 37999999 6.55
hs11 38000000 39999999 6.6
hs11 40000000 41999999 6.65
hs11 42000000 43999999 6.7
hs11 44000000 45999999 6.75
hs11 46000000 47999999 6.8
hs11 48000000 49999999 6.85
hs11 50000000 51999999 6.9
hs11 52000000 53999999 6.95
hs11 54000000 55999999 7
hs11 56000000 57999999 7.05
hs11 58000000 59999999 7.1
hs11 60000000 61999999 7.15
hs11 62000000 63999999 7.2
hs11 64000000 65999999 7.25
hs11 66000000 67999999 7.3
hs11 68000000 69999999 7.35
hs11 70000000 71999999 7.4
hs11 72000000 73999999 7.45
hs11 74000000 75999999 7.5
hs11 76000000 77999999 7.55
hs11 78000000 79999999 7.6
hs11 80000000 81999999 7.65
hs11 82000000 83999999 7.7
hs11 84000000 85999999 7.75
hs11 86000000 87999999 7.8
hs11 88000000 89999999 7.85
hs11 90000000 91999999 7.9
hs11 92000000 93999999 7.95
hs11 94000000 95999999 8
hs11 96000000 97999999 8.05
hs11 98000000 99999999 8.1
hs11 100000000 101999999 8.15
hs11 102000000 103999999 8.2
hs11 104000000 105999999 8.25
hs11 106000000 107999999 8.3
hs11 108000000 109999999 8.35
hs11 110000000 111999999 8.4
hs11 112000000 113999999 8.45
hs11 114000000 115999999 8.5
hs11 116000000 117999999 8.55
hs11 118000000 119999999 8.6
hs11 120000000 121999999 8.65
hs11 122000000 123999999 8.7
hs11 124000000 125999999 8.75
hs11 126000000 127999999 8.8
hs11 128000000 129999999 8.85
hs11 130000000 131999999 8.9
hs11 132000000 133999999 8.95
hs11 134000000 135006517 9
hs12 0 1999999 9.05
hs12 2000000 3999999 9.1
hs12 4000000 5999999 9.15
hs12 6000000 7999999 9.2
hs12 8000000 9999999 9.25
hs12 10000000 11999999 9.3
hs12 12000000 13999999 9.35
hs12 14000000 15999999 9.4
hs12 16000000 17999999 9.45
hs12 18000000 19999999 9.5
hs12 20000000 21999999 9.55
hs12 22000000 23999999 9.6
hs12 24000000 25999999 9.65
hs12 26000000 27999999 9.7
hs12 28000000 29999999 9.75
hs12 30000000 31999999 9.8
hs12 32000000 33999999 9.85
hs12 34000000 35999999 9.9
hs12 36000000 37999999 9.95
hs12 38000000 39999999 0
hs12 40000000 41999999 0.05
hs12 42000000 43999999 0.1
hs12 44000000 45999999 0.15
hs12 46000000 47999999 0.2
hs12 48000000 49999999 0.25
hs12 50000000 51999999 0.3
hs12 52000000 53999999 0.35
hs12 54000000 55999999 0.4
hs12 56000000 57999999 0.45
hs12 58000000 59999999 0.5
hs12 60000000 61999999 0.55
hs12 62000000 63999999 0.6
hs12 64000000 65999999 0.65
hs12 66000000 67999999 0.7
hs12 68000000 69999999 0.75
hs12 70000000 71999999 0.8
hs12 72000000 73999999 0.85
hs12 74000000 75999999 0.9
hs12 76000000 77999999 0.95
hs12 78000000 79999999 1
hs12 80000000 81999999 1.05
hs12 82000000 83999999 1.1
hs12 84000000 85999999 1.15
hs12 86000000 87999999 1.2
hs12 88000000 89999999 1.25
hs12 90000000 91999999 1.3
hs12 92000000 93999999 1.35
hs12 94000000 95999999 1.4
hs12 96000000 97999999 1.45
hs12 98000000 99999999 1.5
hs12 100000000 101999999 1.55
hs12 102000000 103999999 1.6
hs12 104000000 105999999 1.65
hs12 106000000 107999999 1.7
hs12 108000000 109999999 1.75
hs12 110000000 111999999 1.8
hs12 112000000 113999999 1.85
hs12 114000000 115999999 1.9
hs12 116000000 117999999 1.95
hs12 118000000 119999999 2
hs12 120000000 121999999 2.05
hs12 122000000 123999999 2.1
hs12 124000000 125999999 2.15
hs12 126000000 127999999 2.2
hs12 128000000 129999999 2.25
hs12 130000000 131999999 2.3
hs12 132000000 133851896 2.35
hs13 0 1999999 2.4
hs13 2000000 3999999 2.45
hs13 4000000 5999999 2.5
hs13 6000000 7999999 2.55
hs13 8000000 9999999 2.6
hs13 10000000 11999999 2.65
hs13 12000000 13999999 2.7
hs13 14000000 15999999 2.75
hs13 16000000 17999999 2.8
hs13 18000000 19999999 2.85
hs13 20000000 21999999 2.9
hs13 22000000 23999999 2.95
hs13 24000000 25999999 3
hs13 26000000 27999999 3.05
hs13 28000000 29999999 3.1
hs13 30000000 31999999 3.15
hs13 32000000 33999999 3.2
hs13 34000000 35999999 3.25
hs13 36000000 37999999 3.3
hs13 38000000 39999999 3.35
hs13 40000000 41999999 3.4
hs13 42000000 43999999 3.45
hs13 44000000 45999999 3.5
hs13 46000000 47999999 3.55
hs13 48000000 49999999 3.6
hs13 50000000 51999999 3.65
hs13 52000000 53999999 3.7
hs13 54000000 55999999 3.75
hs13 56000000 57999999 3.8
hs13 58000000 59999999 3.85
hs13 60000000 61999999 3.9
hs13 62000000 63999999 3.95
hs13 64000000 65999999 4
hs13 66000000 67999999 4.05
hs13 68000000 69999999 4.1
hs13 70000000 71999999 4.15
hs13 72000000 73999999 4.2
hs13 74000000 75999999 4.25
hs13 76000000 77999999 4.3
hs13 78000000 79999999 4.35
hs13 80000000 81999999 4.4
hs13 82000000 83999999 4.45
hs13 84000000 85999999 4.5
hs13 86000000 87999999 4.55
hs13 88000000 89999999 4.6
hs13 90000000 91999999 4.65
hs13 92000000 93999999 4.7
hs13 94000000 95999999 4.75
hs13 96000000 97999999 4.8
hs13 98000000 99999999 4.85
hs13 100000000 101999999 4.9
hs13 102000000 103999999 4.95
hs13 104000000 105999999 5
hs13 106000000 107999999 5.05
hs13 108000000 109999999 5.1
hs13 110000000 111999999 5.15
hs13 112000000 113999999 5.2
hs13 114000000 115169879 5.25
hs14 0 1999999 5.3
hs14 2000000 3999999 5.35
hs14 4000000 5999999 5.4
hs14 6000000 7999999 5.45
hs14 8000000 9999999 5.5
hs14 10000000 11999999 5.55
hs14 12000000 13999999 5.6
hs14 14000000 15999999 5.65
hs14 16000000 17999999 5.7
hs14 18000000 19999999 5.75
hs14 20000000 21999999 5.8
hs14 22000000 23999999 5.85
hs14 24000000 25999999 5.9
hs14 26000000 27999999 5.95
hs14 28000000 29999999 6
hs14 30000000 31999999 6.05
hs14 32000000 33999999 6.1
hs14 34000000 35999999 6.15
hs14 36000000 37999999 6.2
hs14 38000000 39999999 6.25
hs14 40000000 41999999 6.3
hs14 42000000 43999999 6.35
hs14 44000000 45999999 6.4
hs14 46000000 47999999 6.45
hs14 48000000 49999999 6.5
hs14 50000000 51999999 6.55
hs14 52000000 53999999 6.6
hs14 54000000 55999999 6.65
hs14 56000000 57999999 6.7
hs14 58000000 59999999 6.75
hs14 60000000 61999999 6.8
hs14 62000000 63999999 6.85
hs14 64000000 65999999 6.9
hs14 66000000 67999999 6.95
hs14 68000000 69999999 7
hs14 70000000 71999999 7.05
hs14 72000000 73999999 7.1
hs14 74000000 75999999 7.15
hs14 76000000 77999999 7.2
hs14 78000000 79999999 7.25
hs14 80000000 81999999 7.3
hs14 82000000 83999999 7.35
hs14 84000000 85999999 7.4
hs14 86000000 87999999 7.45
hs14 88000000 89999999 7.5
hs14 90000000 91999999 7.55
hs14 92000000 93999999 7.6
hs14 94000000 95999999 7.65
hs14 96000000 97999999 7.7
hs14 98000000 99999999 7.75
hs14 100000000 101999999 7.8
hs14 102000000 103999999 7.85
hs14 104000000 105999999 7.9
hs14 106000000 107349541 7.95
hs15 0 1999999 8
hs15 2000000 3999999 8.05
hs15 4000000 5999999 8.1
hs15 6000000 7999999 8.15
hs15 8000000 9999999 8.2
hs15 10000000 11999999 8.25
hs15 12000000 13999999 8.3
hs15 14000000 15999999 8.35
hs15 16000000 17999999 8.4
hs15 18000000 19999999 8.45
hs15 20000000 21999999 8.5
hs15 22000000 23999999 8.55
hs15 24000000 25999999 8.6
hs15 26000000 27999999 8.65
hs15 28000000 29999999 8.7
hs15 30000000 31999999 8.75
hs15 32000000 33999999 8.8
hs15 34000000 35999999 8.85
hs15 36000000 37999999 8.9
hs15 38000000 39999999 8.95
hs15 40000000 41999999 9
hs15 42000000 43999999 9.05
hs15 44000000 45999999 9.1
hs15 46000000 47999999 9.15
hs15 48000000 49999999 9.2
hs15 50000000 51999999 9.25
hs15 52000000 53999999 9.3
hs15 54000000 55999999 9.35
hs15 56000000 57999999 9.4
hs15 58000000 59999999 9.45
hs15 60000000 61999999 9.5
hs15 62000000 63999999 9.55
hs15 64000000 65999999 9.6
hs15 66000000 67999999 9.65
hs15 68000000 69999999 9.7
hs15 70000000 71999999 9.75
hs15 72000000 73999999 9.8
hs15 74000000 75999999 9.85
hs15 76000000 77999999 9.9
hs15 78000000 79999999 9.95
hs15 80000000 81999999 0
hs15 82000000 83999999 0.05
hs15 84000000 85999999 0.1
hs15 86000000 87999999 0.15
hs15 88000000 89999999 0.2
hs15 90000000 91999999 0.25
hs15 92000000 93999999 0.3
hs15 94000000 95999999 0.35
hs15 96000000 97999999 0.4
hs15 98000000 99999999 0.45
hs15 100000000 101999999 0.5
hs15 102000000 102531393 0.55
hs16 0 1999999 0.6
hs16 2000000 3999999 0.65
hs16 4000000 5999999 0.7
hs16 6000000 7999999 0.75
hs16 8000000 9999999 0.8
hs16 10000000 11999999 0.85
hs16 12000000 13999999 0.9
hs16 14000000 15999999 0.95
hs16 16000000 17999999 1
hs16 18000000 19999999 1.05
hs16 20000000 21999999 1.1
hs16 22000000 23999999 1.15
hs16 24000000 25999999 1.2
hs16 26000000 27999999 1.25
hs16 28000000 29999999 1.3
hs16 30000000 31999999 1.35
hs16 32000000 33999999 1.4
hs16 34000000 35999999 1.45
hs16 36000000 37999999 1.5
hs16 38000000 39999999 1.55
hs16 40000000 41999999 1.6
hs16 42000000 43999999 1.65
hs16 44000000 45999999 1.7
hs16 46000000 47999999 1.75
hs16 48000000 49999999 1.8
hs16 50000000 51999999 1.85
hs16 52000000 53999999 1.9
hs16 54000000 55999999 1.95
hs16 56000000 57999999 2
hs16 58000000 59999999 2.05
hs16 60000000 61999999 2.1
hs16 62000000 63999999 2.15
hs16 64000000 65999999 2.2
hs16 66000000 67999999 2.25
hs16 68000000 69999999 2.3
hs16 70000000 71999999 2.35
hs16 72000000 73999999 2.4
hs16 74000000 75999999 2.45
hs16 76000000 77999999 2.5
hs16 78000000 79999999 2.55
hs16 80000000 81999999 2.6
hs16 82000000 83999999 2.65
hs16 84000000 85999999 2.7
hs16 86000000 87999999 2.75
hs16 88000000 89999999 2.8
hs16 90000000 90354754 2.85
hs17 0 1999999 2.9
hs17 2000000 3999999 2.95
hs17 4000000 5999999 3
hs17 6000000 7999999 3.05
hs17 8000000 9999999 3.1
hs17 10000000 11999999 3.15
hs17 12000000 13999999 3.2
hs17 14000000 15999999 3.25
hs17 16000000 17999999 3.3
hs17 18000000 19999999 3.35
hs17 20000000 21999999 3.4
hs17 22000000 23999999 3.45
hs17 24000000 25999999 3.5
hs17 26000000 27999999 3.55
hs17 28000000 29999999 3.6
hs17 30000000 31999999 3.65
hs17 32000000 33999999 3.7
hs17 34000000 35999999 3.75
hs17 36000000 37999999 3.8
hs17 38000000 39999999 3.85
hs17 40000000 41999999 3.9
hs17 42000000 43999999 3.95
hs17 44000000 45999999 4
hs17 46000000 47999999 4.05
hs17 48000000 49999999 4.1
hs17 50000000 51999999 4.15
hs17 52000000 53999999 4.2
hs17 54000000 55999999 4.25
hs17 56000000 57999999 4.3
hs17 58000000 59999999 4.35
hs17 60000000 61999999 4.4
hs17 62000000 63999999 4.45
hs17 64000000 65999999 4.5
hs17 66000000 67999999 4.55
hs17 68000000 69999999 4.6
hs17 70000000 71999999 4.65
hs17 72000000 73999999 4.7
hs17 74000000 75999999 4.75
hs17 76000000 77999999 4.8
hs17 78000000 79999999 4.85
hs17 80000000 81195211 4.9
hs18 0 1999999 4.95
hs18 2000000 3999999 5
hs18 4000000 5999999 5.05
hs18 6000000 7999999 5.1
hs18 8000000 9999999 5.15
hs18 10000000 11999999 5.2
hs18 12000000 13999999 5.25
hs18 14000000 15999999 5.3
hs18 16000000 17999999 5.35
hs18 18000000 19999999 5.4
hs18 20000000 21999999 5.45
hs18 22000000 23999999 5.5
hs18 24000000 25999999 5.55
hs18 26000000 27999999 5.6
hs18 28000000 29999999 5.65
hs18 30000000 31999999 5.7
hs18 32000000 33999999 5.75
hs18 34000000 35999999 5.8
hs18 36000000 37999999 5.85
hs18 38000000 39999999 5.9
hs18 40000000 41999999 5.95
hs18 42000000 43999999 6
hs18 44000000 45999999 6.05
hs18 46000000 47999999 6.1
hs18 48000000 49999999 6.15
hs18 50000000 51999999 6.2
hs18 52000000 53999999 6.25
hs18 54000000 55999999 6.3
hs18 56000000 57999999 6.35
hs18 58000000 59999999 6.4
hs18 60000000 61999999 6.45
hs18 62000000 63999999 6.5
hs18 64000000 65999999 6.55
hs18 66000000 67999999 6.6
hs18 68000000 69999999 6.65
hs18 70000000 71999999 6.7
hs18 72000000 73999999 6.75
hs18 74000000 75999999 6.8
hs18 76000000 77999999 6.85
hs18 78000000 78077249 6.9
hs19 0 1999999 6.95
hs19 2000000 3999999 7
hs19 4000000 5999999 7.05
hs19 6000000 7999999 7.1
hs19 8000000 9999999 7.15
hs19 10000000 11999999 7.2
hs19 12000000 13999999 7.25
hs19 14000000 15999999 7.3
hs19 16000000 17999999 7.35
hs19 18000000 19999999 7.4
hs19 20000000 21999999 7.45
hs19 22000000 23999999 7.5
hs19 24000000 25999999 7.55
hs19 26000000 27999999 7.6
hs19 28000000 29999999 7.65
hs19 30000000 31999999 7.7
hs19 32000000 33999999 7.75
hs19 34000000 35999999 7.8
hs19 36000000 37999999 7.85
hs19 38000000 39999999 7.9
hs19 40000000 41999999 7.95
hs19 42000000 43999999 8
hs19 44000000 45999999 8.05
hs19 46000000 47999999 8.1
hs19 48000000 49999999 8.15
hs19 50000000 51999999 8.2
hs19 52000000 53999999 8.25
hs19 54000000 55999999 8.3
hs19 56000000 57999999 8.35
hs19 58000000 59128984 8.4
hs20 0 1999999 8.45
hs20 2000000 3999999 8.5
hs20 4000000 5999999 8.55
hs20 6000000 7999999 8.6
hs20 8000000 9999999 8.65
hs20 10000000 11999999 8.7
hs20 12000000 13999999 8.75
hs20 14000000 15999999 8.8
hs20 16000000 17999999 8.85
hs20 18000000 19999999 8.9
hs20 20000000 21999999 8.95
hs20 22000000 23999999 9
hs20 24000000 25999999 9.05
hs20 26000000 27999999 9.1
hs20 28000000 29999999 9.15
hs20 30000000 31999999 9.2
hs20 32000000 33999999 9.25
hs20 34000000 35999999 9.3
hs20 36000000 37999999 9.35
hs20 38000000 39999999 9.4
hs20 40000000 41999999 9.45
hs20 42000000 43999999 9.5
hs20 44000000 45999999 9.55
hs20 46000000 47999999 9.6
hs20 48000000 49999999 9.65
hs20 50000000 51999999 9.7
hs20 52000000 53999999 9.75
hs20 54000000 55999999 9.8
hs20 56000000 57999999 9.85
hs20 58000000 59999999 9.9
hs20 60000000 61999999 9.95
hs20 62000000 63025521 0
hs21 0 1999999 0.05
hs21 2000000 3999999 0.1
hs21 4000000 5999999 0.15
hs21 6000000 7999999 0.2
hs21 8000000 9999999 0.25
hs21 10000000 11999999 0.3
hs21 12000000 13999999 0.35
hs21 14000000 15999999 0.4
hs21 16000000 17999999 0.45
hs21 18000000 19999999 0.5
hs21 20000000 21999999 0.55
hs21 22000000 23999999 0.6
hs21 24000000 25999999 0.65
hs21 26000000 27999999 0.7
hs21 28000000 29999999 0.75
hs21 30000000 31999999 0.8
hs21 32000000 33999999 0.85
hs21 34000000 35999999 0.9
hs21 36000000 37999999 0.95
hs21 38000000 39999999 1
hs21 40000000 41999999 1.05
hs21 42000000 43999999 1.1
hs21 44000000 45999999 1.15
hs21 46000000 47999999 1.2
hs21 48000000 48129896 1.25
hs22 0 1999999 1.3
hs22 2000000 3999999 1.35
hs22 4000000 5999999 1.4
hs22 6000000 7999999 1.45
hs22 8000000 9999999 1.5
hs22 10000000 11999999 1.55
hs22 12000000 13999999 1.6
hs22 14000000 15999999 1.65
hs22 16000000 17999999 1.7
hs22 18000000 19999999 1.75
hs22 20000000 21999999 1.8
hs22 22000000 23999999 1.85
hs22 24000000 25999999 1.9
hs22 26000000 27999999 1.95
hs22 28000000 29999999 2
hs22 30000000 31999999 2.05
hs22 32000000 33999999 2.1
hs22 34000000 35999999 2.15
hs22 36000000 37999999 2.2
hs22 38000000 39999999 2.25
hs22 40000000 41999999 2.3
hs22 42000000 43999999 2.35
hs22 44000000 45999999 2.4
hs22 46000000 47999999 2.45
hs22 48000000 49999999 2.5
hs22 50000000 51304567 2.55
hsX 0 1999999 2.6
hsX 2000000 3999999 2.65
hsX 4000000 5999999 2.7
hsX 6000000 7999999 2.75
hsX 8000000 9999999 2.8
hsX 10000000 11999999 2.85
hsX 12000000 13999999 2.9
hsX 14000000 15999999 2.95
hsX 16000000 17999999 3
hsX 18000000 19999999 3.05
hsX 20000000 21999999 3.1
hsX 22000000 23999999 3.15
hsX 24000000 25999999 3.2
hsX 26000000 27999999 3.25
hsX 28000000 29999999 3.3
hsX 30000000 31999999 3.35
hsX 32000000 33999999 3.4
hsX 34000000 35999999 3.45
hsX 36000000 37999999 3.5
hsX 38000000 39999999 3.55
hsX 40000000 41999999 3.6
hsX 42000000 43999999 3.65
hsX 44000000 45999999 3.7
hsX 46000000 47999999 3.75
hsX 48000000 49999999 3.8
hsX 50000000 51999999 3.85
hsX 52000000 53999999 3.9
hsX 54000000 55999999 3.95
hsX 56000000 57999999 4
hsX 58000000 59999999 4.05
hsX 60000000 61999999 4.1
hsX 62000000 63999999 4.15
hsX 64000000 65999999 4.2
hsX 66000000 67999999 4.25
hsX 68000000 69999999 4.3
hsX 70000000 71999999 4.35
hsX 72000000 73999999 4.4
hsX 74000000 75999999 4.45
hsX 76000000 77999999 4.5
hsX 78000000 79999999 4.55
hsX 80000000 81999999 4.6
hsX 82000000 83999999 4.65
hsX 84000000 85999999 4.7
hsX 86000000 87999999 4.75
hsX 88000000 89999999 4.8
hsX 90000000 91999999 4.85
hsX 92000000 93999999 4.9
hsX 94000000 95999999 4.95
hsX 96000000 97999999 5
hsX 98000000 99999999 5.05
hsX 100000000 101999999 5.1
hsX 102000000 103999999 5.15
hsX 104000000 105999999 5.2
hsX 106000000 107999999 5.25
hsX 108000000 109999999 5.3
hsX 110000000 111999999 5.35
hsX 112000000 113999999 5.4
hsX 114000000 115999999 5.45
hsX 116000000 117999999 5.5
hsX 118000000 119999999 5.55
hsX 120000000 121999999 5.6
hsX 122000000 123999999 5.65
hsX 124000000 125999999 5.7
hsX 126000000 127999999 5.75
hsX 128000000 129999999 5.8
hsX 130000000 131999999 5.85
hsX 132000000 133999999 5.9
hsX 134000000 135999999 5.95
hsX 136000000 137999999 6
hsX 138000000 139999999 6.05
hsX 140000000 141999999 6.1
hsX 142000000 143999999 6.15
hsX 144000000 145999999 6.2
hsX 146000000 147999999 6.25
hsX 148000000 149999999 6.3
hsX 150000000 151999999 6.35
hsX 152000000 153999999 6.4
hsX 154000000 155270561 6.45
hsY 0 1999999 6.5
hsY 2000000 3999999 6.55
hsY 4000000 5999999 6.6
hsY 6000000 7999999 6.65
hsY 8000000 9999999 6.7
hsY 10000000 11999999 6.75
hsY 12000000 13999999 6.8
hsY 14000000 15999999 6.85
hsY 16000000 17999999 6.9
hsY 18000000 19999999 6.95
hsY 20000000 21999999 7
hsY 22000000 23999999 7.05
hsY 24000000 25999999 7.1
hsY 26000000 27999999 7.15
hsY 28000000 29999999 7.2
hsY 30000000 31999999 7.25
hsY 32000000 33999999 7.3
hsY 34000000 35999999 7.35
hsY 36000000 37999999 7.4
hsY 38000000 39999999 7.45
hsY 40000000 41999999 7.5
hsY 42000000 43999999 7.55
hsY 44000000 45999999 7.6
hsY 46000000 47999999 7.65
hsY 48000000 49999999 7.7
hsY 50000000 51999999 7.75
hsY 52000000 53999999 7.8
hsY 54000000 55999999 7.85
hsY 56000000 57999999 7.9
hsY 58000000 59373567 7.95
