hs1 0 499999 0.524425
hs1 500000 999999 0.417869
hs1 1000000 1499999 -0.691628
hs1 1500000 1999999 0.695583
hs1 2000000 2499999 -0.171075
hs1 2500000 2999999 0.613049
hs1 3000000 3499999 -0.621245
hs1 3500000 3999999 0.652939
hs1 4000000 4499999 0.0300336
hs1 4500000 4999999 0.696275
hs1 5000000 5499999 0.266086
hs1 5500000 5999999 0.016527
hs1 6000000 6499999 -0.820188
hs1 6500000 6999999 0.469486
hs1 7000000 7499999 -0.786375
hs1 7500000 7999999 0.559298
hs1 8000000 8499999 -0.263597
hs1 8500000 8999999 -0.142154
hs1 9000000 9499999 0.335685
hs1 9500000 9999999 0.79109
hs1 10000000 10499999 -0.00586165
hs1 10500000 10999999 -0.134789
hs1 11000000 11499999 -0.708329
hs1 11500000 11999999 0.919718
hs1 12000000 12499999 0.783955
hs1 12500000 12999999 -0.278792
hs1 13000000 13499999 0.973778
hs1 13500000 13999999 -0.440369
hs1 14000000 14499999 0.796371
hs1 14500000 14999999 0.03411
hs1 15000000 15499999 0.491289
hs1 15500000 15999999 -0.353395
hs1 16000000 16499999 -0.793564
hs1 16500000 16999999 -0.519791
hs1 17000000 17499999 -0.440584
hs1 17500000 17999999 -0.815246
hs1 18000000 18499999 -0.857221
hs1 18500000 18999999 0.244674
hs1 19000000 19499999 -0.799512
hs1 19500000 19999999 -0.55776
hs1 20000000 20499999 0.351491
hs1 20500000 20999999 0.611538
hs1 21000000 21499999 -0.991106
hs1 21500000 21999999 0.677407
hs1 22000000 22499999 -0.416069
hs1 22500000 22999999 -0.00303812
hs1 23000000 23499999 -0.872602
hs1 23500000 23999999 -0.432647
hs1 24000000 24499999 0.789619
hs1 24500000 24999999 0.581591
hs1 25000000 25499999 -0.118793
hs1 25500000 25999999 -0.410864
hs1 26000000 26499999 0.843533
hs1 26500000 26999999 -0.0210597
hs1 27000000 27499999 0.607605
hs1 27500000 27999999 0.451578
hs1 28000000 28499999 -0.277205
hs1 28500000 28999999 0.103584
hs1 29000000 29499999 0.920256
hs1 29500000 29999999 0.0654973
hs1 30000000 30499999 0.844487
hs1 30500000 30999999 0.923799
hs1 31000000 31499999 0.679911
hs1 31500000 31999999 0.204336
hs1 32000000 32499999 -0.377795
hs1 32500000 32999999 -0.0694231
hs1 33000000 33499999 -0.37384
hs1 33500000 33999999 0.455086
hs1 34000000 34499999 0.0681348
hs1 34500000 34999999 0.446889
hs1 35000000 35499999 0.0998281
hs1 35500000 35999999 -0.870138
hs1 36000000 36499999 0.826136
hs1 36500000 36999999 0.0922223
hs1 37000000 37499999 -0.891251
hs1 37500000 37999999 -0.711439
hs1 38000000 38499999 0.758047
hs1 38500000 38999999 0.971672
hs1 39000000 39499999 0.53097
hs1 39500000 39999999 -0.732626
hs1 40000000 40499999 0.125219
hs1 40500000 40999999 -0.539096
hs1 41000000 41499999 -0.748005
hs1 41500000 41999999 0.246133
hs1 42000000 42499999 -0.888656
hs1 42500000 42999999 -0.596985
hs1 43000000 43499999 -0.677267
hs1 43500000 43999999 -0.893312
hs1 44000000 44499999 -0.172104
hs1 44500000 44999999 -0.198326
hs1 45000000 45499999 0.361305
hs1 45500000 45999999 0.157677
hs1 46000000 46499999 -0.808213
hs1 46500000 46999999 0.683076
hs1 47000000 47499999 -0.670319
hs1 47500000 47999999 -0.463883
hs1 48000000 48499999 0.0163255
hs1 48500000 48999999 0.575741
hs1 49000000 49499999 0.760495
hs1 49500000 49999999 0.903274
hs1 50000000 50499999 0.147948
hs1 50500000 50999999 0.348436
hs1 51000000 51499999 0.790676
hs1 51500000 51999999 0.142167
hs1 52000000 52499999 -0.246295
hs1 52500000 52999999 -0.237401
hs1 53000000 53499999 -0.559994
hs1 53500000 53999999 0.0239375
hs1 54000000 54499999 -0.979101
hs1 54500000 54999999 -0.851702
hs1 55000000 55499999 -0.284349
hs1 55500000 55999999 -0.494729
hs1 56000000 56499999 -0.913139
hs1 56500000 56999999 -0.031932
hs1 57000000 57499999 0.557204
hs1 57500000 57999999 0.400737
hs1 58000000 58499999 -0.620323
hs1 58500000 58999999 0.987282
hs1 59000000 59499999 0.43886
hs1 59500000 59999999 -0.838344
hs1 60000000 60499999 0.26524
hs1 60500000 60999999 0.185496
hs1 61000000 61499999 -0.749006
hs1 61500000 61999999 -0.904519
hs1 62000000 62499999 -0.98072
hs1 62500000 62999999 0.699191
hs1 63000000 63499999 -0.0964729
hs1 63500000 63999999 0.525732
hs1 64000000 64499999 -0.543691
hs1 64500000 64999999 0.0824689
hs1 65000000 65499999 -0.462446
hs1 65500000 65999999 0.605689
hs1 66000000 66499999 0.0525788
hs1 66500000 66999999 -0.847593
hs1 67000000 67499999 -0.717732
hs1 67500000 67999999 -0.891595
hs1 68000000 68499999 0.200627
hs1 68500000 68999999 0.309376
hs1 69000000 69499999 0.597938
hs1 69500000 69999999 0.355985
hs1 70000000 70499999 0.327657
hs1 70500000 70999999 -0.141373
hs1 71000000 71499999 0.126001
hs1 71500000 71999999 -0.74878
hs1 72000000 72499999 -0.287876
hs1 72500000 72999999 -0.0358814
hs1 73000000 73499999 -0.789749
hs1 73500000 73999999 -0.678405
hs1 74000000 74499999 -0.27539
hs1 74500000 74999999 0.0473428
hs1 75000000 75499999 0.154031
hs1 75500000 75999999 0.981927
hs1 76000000 76499999 -0.216399
hs1 76500000 76999999 -0.855093
hs1 77000000 77499999 0.302584
hs1 77500000 77999999 0.49437
hs1 78000000 78499999 0.177446
hs1 78500000 78999999 0.507128
hs1 79000000 79499999 -0.956756
hs1 79500000 79999999 0.0595699
hs1 80000000 80499999 -0.364689
hs1 80500000 80999999 -0.604194
hs1 81000000 81499999 -0.70092
hs1 81500000 81999999 0.447028
hs1 82000000 82499999 -0.204536
hs1 82500000 82999999 -0.41386
hs1 83000000 83499999 0.728307
hs1 83500000 83999999 -0.517988
hs1 84000000 84499999 0.244611
hs1 84500000 84999999 0.684618
hs1 85000000 85499999 -0.291445
hs1 85500000 85999999 -0.270546
hs1 86000000 86499999 -0.122248
hs1 86500000 86999999 0.593404
hs1 87000000 87499999 -0.901326
hs1 87500000 87999999 -0.814465
hs1 88000000 88499999 0.153603
hs1 88500000 88999999 -0.289193
hs1 89000000 89499999 -0.888456
hs1 89500000 89999999 -0.50878
hs1 90000000 90499999 -0.521498
hs1 90500000 90999999 0.917363
hs1 91000000 91499999 -0.920981
hs1 91500000 91999999 0.344259
hs1 92000000 92499999 -0.470245
hs1 92500000 92999999 -0.219251
hs1 93000000 93499999 -0.123771
hs1 93500000 93999999 -0.104491
hs1 94000000 94499999 -0.4053
hs1 94500000 94999999 0.498227
hs1 95000000 95499999 0.023959
hs1 95500000 95999999 0.480268
hs1 96000000 96499999 -0.437264
hs1 96500000 96999999 0.100291
hs1 97000000 97499999 -0.29402
hs1 97500000 97999999 0.758559
hs1 98000000 98499999 0.910966
hs1 98500000 98999999 -0.806766
hs1 99000000 99499999 -0.698361
hs1 99500000 99999999 0.502266
hs1 100000000 100499999 -0.188357
hs1 100500000 100999999 -0.59042
hs1 101000000 101499999 0.765565
hs1 101500000 101999999 0.0932221
hs1 102000000 102499999 0.951849
hs1 102500000 102999999 0.0778502
hs1 103000000 103499999 0.32907
hs1 103500000 103999999 -0.958806
hs1 104000000 104499999 0.00531279
hs1 104500000 104999999 0.215564
hs1 105000000 105499999 0.53716
hs1 105500000 105999999 -0.738231
hs1 106000000 106499999 0.309112
hs1 106500000 106999999 -0.536857
hs1 107000000 107499999 -0.55493
hs1 107500000 107999999 0.228672
hs1 108000000 108499999 0.373578
hs1 108500000 108999999 -0.323838
hs1 109000000 109499999 -0.829468
hs1 109500000 109999999 0.347979
hs1 110000000 110499999 -0.144894
hs1 110500000 110999999 -0.101649
hs1 111000000 111499999 0.957921
hs1 111500000 111999999 -0.406768
hs1 112000000 112499999 -0.0109623
hs1 112500000 112999999 0.288118
hs1 113000000 113499999 -0.264855
hs1 113500000 113999999 0.530609
hs1 114000000 114499999 -0.88325
hs1 114500000 114999999 0.845057
hs1 115000000 115499999 -0.672931
hs1 115500000 115999999 0.57168
hs1 116000000 116499999 0.256298
hs1 116500000 116999999 0.964853
hs1 117000000 117499999 -0.305693
hs1 117500000 117999999 0.57206
hs1 118000000 118499999 0.165463
hs1 118500000 118999999 0.264137
hs1 119000000 119499999 0.449673
hs1 119500000 119999999 -0.396724
hs1 120000000 120499999 0.314083
hs1 120500000 120999999 0.425627
hs1 121000000 121499999 0.916847
hs1 141000000 141499999 -0.604651
hs1 141500000 141999999 -0.687288
hs1 142000000 142499999 -0.608269
hs1 142500000 142999999 0.735989
hs1 143000000 143499999 -0.734256
hs1 143500000 143999999 0.0464929
hs1 144000000 144499999 0.922722
hs1 144500000 144999999 -0.181768
hs1 145000000 145499999 0.412932
hs1 145500000 145999999 -0.0888409
hs1 146000000 146499999 0.935118
hs1 146500000 146999999 0.415386
hs1 147000000 147499999 0.978122
hs1 147500000 147999999 0.0784129
hs1 148000000 148499999 0.784393
hs1 148500000 148999999 0.542952
hs1 149000000 149499999 0.453918
hs1 149500000 149999999 0.647152
hs1 150000000 150499999 0.948791
hs1 150500000 150999999 0.451057
hs1 151000000 151499999 -0.7373
hs1 151500000 151999999 -0.32772
hs1 152000000 152499999 -0.562155
hs1 152500000 152999999 0.531067
hs1 153000000 153499999 0.482917
hs1 153500000 153999999 -0.439233
hs1 154000000 154499999 0.889837
hs1 154500000 154999999 0.931031
hs1 155000000 155499999 -0.0636559
hs1 155500000 155999999 -0.848092
hs1 156000000 156499999 0.689068
hs1 156500000 156999999 0.950837
hs1 157000000 157499999 0.25995
hs1 157500000 157999999 0.723093
hs1 158000000 158499999 -0.831837
hs1 158500000 158999999 0.396835
hs1 159000000 159499999 -0.229587
hs1 159500000 159999999 0.446576
hs1 160000000 160499999 0.617108
hs1 160500000 160999999 -0.0349132
hs1 161000000 161499999 0.820193
hs1 161500000 161999999 -0.281456
hs1 162000000 162499999 -0.323535
hs1 162500000 162999999 0.269696
hs1 163000000 163499999 -0.741266
hs1 163500000 163999999 0.546852
hs1 164000000 164499999 -0.718003
hs1 164500000 164999999 0.812606
hs1 165000000 165499999 0.929356
hs1 165500000 165999999 0.774413
hs1 166000000 166499999 -0.898518
hs1 166500000 166999999 0.673162
hs1 167000000 167499999 -0.0705401
hs1 167500000 167999999 -0.105687
hs1 168000000 168499999 0.58862
hs1 168500000 168999999 0.16068
hs1 169000000 169499999 -0.673857
hs1 169500000 169999999 0.59028
hs1 170000000 170499999 0.039953
hs1 170500000 170999999 0.643229
hs1 171000000 171499999 -0.0426882
hs1 171500000 171999999 -0.617062
hs1 172000000 172499999 -0.700215
hs1 172500000 172999999 -0.304865
hs1 173000000 173499999 0.00784678
hs1 173500000 173999999 0.399577
hs1 174000000 174499999 0.135567
hs1 174500000 174999999 0.401311
hs1 175000000 175499999 -0.552196
hs1 175500000 175999999 -0.629474
hs1 176000000 176499999 0.188758
hs1 176500000 176999999 -0.398311
hs1 177000000 177499999 0.512848
hs1 177500000 177999999 0.447967
hs1 178000000 178499999 -0.136648
hs1 178500000 178999999 -0.158526
hs1 179000000 179499999 0.919887
hs1 179500000 179999999 0.70428
hs1 180000000 180499999 0.247232
hs1 180500000 180999999 -0.29885
hs1 181000000 181499999 -0.651698
hs1 181500000 181999999 -0.702907
hs1 182000000 182499999 0.74815
hs1 182500000 182999999 -0.98915
hs1 183000000 183499999 -0.31687
hs1 183500000 183999999 0.120976
hs1 184000000 184499999 -0.347957
hs1 184500000 184999999 -0.86504
hs1 185000000 185499999 -0.304273
hs1 185500000 185999999 -0.414436
hs1 186000000 186499999 -0.483405
hs1 186500000 186999999 0.452939
hs1 187000000 187499999 0.604848
hs1 187500000 187999999 0.293916
hs1 188000000 188499999 0.244753
hs1 188500000 188999999 -0.495297
hs1 189000000 189499999 -0.772205
hs1 189500000 189999999 -0.604041
hs1 190000000 190499999 0.792794
hs1 190500000 190999999 -0.436793
hs1 191000000 191499999 -0.990217
hs1 191500000 191999999 0.626891
hs1 192000000 192499999 -0.408023
hs1 192500000 192999999 -0.58783
hs1 193000000 193499999 0.130714
hs1 193500000 193999999 0.807179
hs1 194000000 194499999 0.0768755
hs1 194500000 194999999 0.33561
hs1 195000000 195499999 -0.117539
hs1 195500000 195999999 0.164458
hs1 196000000 196499999 -0.0229353
hs1 196500000 196999999 -0.0935793
hs1 197000000 197499999 -0.319167
hs1 197500000 197999999 -0.217685
hs1 198000000 198499999 -0.544523
hs1 198500000 198999999 0.384937
hs1 199000000 199499999 -0.72075
hs1 199500000 199999999 0.86787
hs1 200000000 200499999 0.0285499
hs1 200500000 200999999 0.354693
hs1 201000000 201499999 -0.0550266
hs1 201500000 201999999 0.984926
hs1 202000000 202499999 0.628155
hs1 202500000 202999999 -0.414533
hs1 203000000 203499999 -0.0315947
hs1 203500000 203999999 0.268191
hs1 204000000 204499999 0.963325
hs1 204500000 204999999 -0.0288279
hs1 205000000 205499999 -0.62925
hs1 205500000 205999999 0.506316
hs1 206000000 206499999 -0.0923728
hs1 206500000 206999999 0.355431
hs1 207000000 207499999 0.725957
hs1 207500000 207999999 -0.0852853
hs1 208000000 208499999 0.516404
hs1 208500000 208999999 0.0292524
hs1 209000000 209499999 -0.522781
hs1 209500000 209999999 0.340571
hs1 210000000 210499999 -0.817955
hs1 210500000 210999999 -0.898068
hs1 211000000 211499999 0.806212
hs1 211500000 211999999 0.0534442
hs1 212000000 212499999 0.754594
hs1 212500000 212999999 -0.897104
hs1 213000000 213499999 -0.600011
hs1 213500000 213999999 -0.851861
hs1 214000000 214499999 -0.841011
hs1 214500000 214999999 -0.157881
hs1 215000000 215499999 0.963094
hs1 215500000 215999999 -0.384863
hs1 216000000 216499999 -0.249903
hs1 216500000 216999999 0.445824
hs1 217000000 217499999 -0.968613
hs1 217500000 217999999 -0.452018
hs1 218000000 218499999 -0.999078
hs1 218500000 218999999 0.605769
hs1 219000000 219499999 -0.100315
hs1 219500000 219999999 -0.855562
hs1 220000000 220499999 -0.35086
hs1 220500000 220999999 -0.123064
hs1 221000000 221499999 0.272894
hs1 221500000 221999999 0.0656879
hs1 222000000 222499999 0.628895
hs1 222500000 222999999 0.638678
hs1 223000000 223499999 0.265568
hs1 223500000 223999999 0.857545
hs1 224000000 224499999 -0.730284
hs1 224500000 224999999 0.40043
hs1 225000000 225499999 0.207609
hs1 225500000 225999999 -0.715515
hs1 226000000 226499999 0.620094
hs1 226500000 226999999 -0.497444
hs1 227000000 227499999 0.667014
hs1 227500000 227999999 -0.355921
hs1 228000000 228499999 0.550499
hs1 228500000 228999999 -0.768667
hs1 229000000 229499999 0.0136479
hs1 229500000 229999999 0.469125
hs1 230000000 230499999 -0.145938
hs1 230500000 230999999 0.133312
hs1 231000000 231499999 0.00118188
hs1 231500000 231999999 -0.970268
hs1 232000000 232499999 0.384425
hs1 232500000 232999999 -0.670602
hs1 233000000 233499999 -0.685676
hs1 233500000 233999999 0.94248
hs1 234000000 234499999 -0.472053
hs1 234500000 234999999 0.496352
hs1 235000000 235499999 -0.235457
hs1 235500000 235999999 -0.272132
hs1 236000000 236499999 0.69904
hs1 236500000 236999999 -0.93021
hs1 237000000 237499999 0.576106
hs1 237500000 237999999 -0.516267
hs1 238000000 238499999 0.839164
hs1 238500000 238999999 0.565121
hs1 239000000 239499999 -0.520164
hs1 239500000 239999999 0.99624
hs1 240000000 240499999 0.0254921
hs1 240500000 240999999 0.502711
hs1 241000000 241499999 -0.156718
hs1 241500000 241999999 0.0253273
hs1 242000000 242499999 0.127259
hs1 242500000 242999999 -0.0665283
hs1 243000000 243499999 0.986916
hs1 243500000 243999999 0.74151
hs1 244000000 244499999 0.844406
hs1 244500000 244999999 -0.755606
hs1 245000000 245499999 -0.607467
hs1 245500000 245999999 -0.448478
hs1 246000000 246499999 0.39364
hs1 246500000 246999999 0.356735
hs1 247000000 247499999 0.971872
